Chrom	Position	Ref	Cons	Reads1	Reads2	VarFreq	Strands1	Strands2	Qual1	Qual2	Pvalue	MapQual1	MapQual2	Reads1Plus	Reads1Minus	Reads2Plus	Reads2Minus	VarAllele
MN908947.3	241	C	T	0	455	100%	0	2	0	36	4.369219790151513E-273	0	1	0	0	431	24	T
MN908947.3	670	T	G	0	2179	100%	0	2	0	35	0.0	0	1	0	0	1532	647	G
MN908947.3	1627	C	T	933	6625	87.64%	2	2	35	35	0.0	1	1	912	21	6576	49	T
MN908947.3	2790	C	T	1	6897	99.94%	1	2	36	36	0.0	1	1	0	1	297	6600	T
MN908947.3	3037	C	T	1	1139	99.91%	1	2	68	36	0.0	1	1	1	0	725	414	T
MN908947.3	3096	C	T	128	870	87.17%	2	2	35	35	0.0	1	1	72	56	224	646	T
MN908947.3	3253	C	T	446	1586	78.05%	2	2	36	36	0.0	1	1	283	163	842	744	T
MN908947.3	4184	G	A	0	1650	100%	0	2	0	36	0.0	0	1	0	0	1061	589	A
MN908947.3	4321	C	T	5	1345	99.63%	2	2	36	36	0.0	1	1	2	3	46	1299	T
MN908947.3	4586	C	Y	2363	137	5.48%	2	2	36	36	2.1711775722762325E-39	1	1	90	2273	5	132	T
MN908947.3	4851	A	G	373	2420	86.61%	2	2	37	36	0.0	1	1	77	296	407	2013	G
MN908947.3	5183	C	Y	5603	493	8.09%	2	2	36	36	5.16239927224343E-142	1	1	511	5092	46	447	T
MN908947.3	5192	C	Y	6147	527	7.89%	2	2	36	36	2.8495579238743736E-152	1	1	458	5689	39	488	T
MN908947.3	9344	C	T	0	1610	100%	0	2	0	37	0.0	0	1	0	0	1257	353	T
MN908947.3	9424	A	G	0	1675	100%	0	2	0	36	0.0	0	1	0	0	247	1428	G
MN908947.3	9534	C	T	0	1325	100%	0	2	0	36	0.0	0	1	0	0	1208	117	T
MN908947.3	9866	C	Y	2038	173	7.82%	2	2	35	34	1.0484482491638965E-50	1	1	1974	64	169	4	T
MN908947.3	10029	C	T	0	1194	100%	0	2	0	36	0.0	0	1	0	0	104	1090	T
MN908947.3	10198	C	T	0	8132	99.94%	0	2	0	35	0.0	0	1	0	0	8000	132	T
MN908947.3	10282	G	A	458	3455	88.3%	2	2	36	36	0.0	1	1	307	151	2275	1180	A
MN908947.3	10447	G	A	0	6628	100%	0	2	0	35	0.0	0	1	0	0	3010	3618	A
MN908947.3	10449	C	A	0	6884	99.96%	0	2	0	35	0.0	0	1	0	0	3274	3610	A
MN908947.3	11296	T	G	0	2	100%	0	2	0	48	0.16666666666666669	0	1	0	0	1	1	G
MN908947.3	12160	G	A	123	1442	92.14%	2	2	36	36	0.0	1	1	59	64	660	782	A
MN908947.3	12310	G	A	385	4611	92.29%	2	2	35	35	0.0	1	1	265	120	3142	1469	A
MN908947.3	12444	A	R	2140	154	6.71%	2	2	37	37	1.0058500311603727E-44	1	1	1151	989	86	68	G
MN908947.3	12880	C	T	2	2965	99.9%	2	2	34	35	0.0	1	1	1	1	1158	1807	T
MN908947.3	14408	C	T	1	7838	99.99%	1	2	36	35	0.0	1	1	0	1	5229	2609	T
MN908947.3	14996	T	Y	2276	272	10.68%	2	2	35	35	6.631233832858504E-82	1	1	2154	122	266	6	C
MN908947.3	15714	C	T	0	4570	99.96%	0	2	0	36	0.0	0	1	0	0	3892	678	T
MN908947.3	16616	C	A	968	4886	83.44%	2	2	36	36	0.0	1	1	137	831	658	4228	A
MN908947.3	16915	C	Y	4308	650	13.11%	2	2	36	36	1.7013048877769597E-197	1	1	1709	2599	284	366	T
MN908947.3	17410	C	T	0	3638	100%	0	2	0	35	0.0	0	1	0	0	3536	102	T
MN908947.3	18163	A	G	0	1670	100%	0	2	0	36	0.0	0	1	0	0	185	1485	G
MN908947.3	19497	T	C	64	984	93.89%	2	2	36	36	0.0	1	1	5	59	22	962	C
MN908947.3	19586	C	T	1153	7411	86.53%	2	2	35	35	0.0	1	1	1134	19	7292	119	T
MN908947.3	19955	C	T	0	125	100%	0	2	0	35	1.0963906423051985E-74	0	1	0	0	119	6	T
MN908947.3	20055	A	G	0	63	100%	0	2	0	35	1.6570188303523724E-37	0	1	0	0	13	50	G
MN908947.3	21618	C	T	1	7784	99.96%	1	2	32	35	0.0	1	1	1	0	6458	1326	T
MN908947.3	21987	G	A	0	1970	100%	0	2	0	36	0.0	0	1	0	0	1884	86	A
MN908947.3	22001	A	R	1655	220	11.73%	2	2	37	36	7.576621979678065E-68	1	1	1543	112	204	16	G
MN908947.3	22016	T	Y	1522	208	12.02%	2	2	37	37	3.606770863238495E-64	1	1	1379	143	186	22	C
MN908947.3	22033	C	M	1190	177	12.95%	2	2	37	36	1.1250462209755596E-54	1	1	975	215	130	47	A
MN908947.3	22190	A	R	1620	234	12.62%	2	2	35	36	1.7737299937909738E-72	1	1	548	1072	56	178	G
MN908947.3	22200	T	G	1	1392	99.86%	1	2	36	36	0.0	1	1	1	0	634	758	G
MN908947.3	22331	G	R	344	41	10.65%	2	2	37	40	1.4768873198700616E-13	1	1	150	194	25	16	A
MN908947.3	22578	G	A	0	456	100%	0	2	0	36	1.0935039650428793E-273	0	1	0	0	298	158	A
MN908947.3	22674	C	T	12	1991	99.4%	2	2	34	35	0.0	1	1	1	11	23	1968	T
MN908947.3	22679	T	C	0	2168	100%	0	2	0	35	0.0	0	1	0	0	34	2134	C
MN908947.3	22686	C	T	1	2182	99.95%	1	2	36	35	0.0	1	1	0	1	33	2149	T
MN908947.3	22688	A	G	1	2074	99.95%	1	2	36	35	0.0	1	1	0	1	32	2042	G
MN908947.3	22775	G	A	2	502	99.6%	2	2	32	35	1.853848271987589E-297	1	1	1	1	34	468	A
MN908947.3	22786	A	C	0	384	100%	0	2	0	35	2.237923570609632E-230	0	1	0	0	349	35	C
MN908947.3	22813	G	T	0	651	100%	0	2	0	35	0.0	0	1	0	0	605	46	T
MN908947.3	22882	T	G	0	1090	99.91%	0	2	0	37	0.0	0	1	0	0	996	94	G
MN908947.3	22898	G	R	986	64	6.1%	2	2	37	39	6.849234934542162E-19	1	1	885	101	48	16	A
MN908947.3	22917	T	G	82	789	90.59%	2	2	38	36	0.0	1	1	58	24	661	128	G
MN908947.3	22942	T	K	910	93	9.27%	2	2	37	38	5.367449791057155E-28	1	1	598	312	59	34	G
MN908947.3	22992	G	A	0	2736	100%	0	2	0	35	0.0	0	1	0	0	2259	477	A
MN908947.3	22995	C	A	0	2735	100%	0	2	0	35	0.0	0	1	0	0	2265	470	A
MN908947.3	23006	G	S	3381	323	8.72%	2	2	36	36	3.124398223785608E-95	1	1	2890	491	290	33	C
MN908947.3	23013	A	C	1	4030	99.98%	1	2	36	36	0.0	1	1	1	0	3481	549	C
MN908947.3	23018	T	G	354	3825	91.51%	2	2	36	36	0.0	1	1	322	32	3296	529	G
MN908947.3	23019	T	Y	3799	358	8.61%	2	2	35	36	2.923547836886509E-104	1	1	3289	510	321	37	C
MN908947.3	23055	A	G	14	4972	99.64%	2	2	36	35	0.0	1	1	2	12	4466	506	G
MN908947.3	23063	A	T	0	5287	99.98%	0	2	0	35	0.0	0	1	0	0	4762	525	T
MN908947.3	23075	T	C	1	4775	99.94%	1	2	36	36	0.0	1	1	1	0	4269	506	C
MN908947.3	23403	A	G	0	4767	100%	0	2	0	36	0.0	0	1	0	0	4317	450	G
MN908947.3	23525	C	T	1	6250	99.98%	1	2	36	35	0.0	1	1	0	1	40	6210	T
MN908947.3	23599	T	G	0	2906	100%	0	2	0	35	0.0	0	1	0	0	176	2730	G
MN908947.3	23604	C	A	0	2802	100%	0	2	0	35	0.0	0	1	0	0	171	2631	A
MN908947.3	23854	C	A	0	138	100%	0	2	0	36	1.7164417046560182E-82	0	1	0	0	10	128	A
MN908947.3	23948	G	T	0	1495	99.93%	0	2	0	35	0.0	0	1	0	0	1479	16	T
MN908947.3	24424	A	T	1	3751	99.95%	1	2	36	35	0.0	1	1	0	1	118	3633	T
MN908947.3	24469	T	A	1	8420	99.95%	1	2	36	35	0.0	1	1	0	1	3119	5301	A
MN908947.3	24933	G	T	189	1022	84.39%	2	2	37	36	0.0	1	1	106	83	504	518	T
MN908947.3	25000	C	T	1	2551	99.96%	1	2	36	36	0.0	1	1	0	1	433	2118	T
MN908947.3	25157	G	R	2393	369	13.35%	2	2	35	36	3.104942015670021E-113	1	1	2314	79	352	17	A
MN908947.3	25416	C	Y	5683	652	10.29%	2	2	35	35	2.7069338788445837E-192	1	1	4737	946	521	131	T
MN908947.3	25584	C	T	0	3268	100%	0	2	0	36	0.0	0	1	0	0	264	3004	T
MN908947.3	25714	C	G	188	1243	86.8%	2	2	34	34	0.0	1	1	184	4	1165	78	G
MN908947.3	26060	C	T	1	7365	99.97%	1	2	36	35	0.0	1	1	1	0	7241	124	T
MN908947.3	26270	C	T	6	8264	99.92%	2	2	36	35	0.0	1	1	4	2	72	8192	T
MN908947.3	26275	A	R	7512	507	6.32%	2	2	35	35	3.670376137220977E-142	1	1	63	7449	10	497	G
MN908947.3	26529	G	A	181	1626	89.98%	2	2	36	36	0.0	1	1	13	168	62	1564	A
MN908947.3	26577	C	G	2	1452	99.86%	1	2	36	36	0.0	1	1	2	0	71	1381	G
MN908947.3	26709	G	A	0	5012	100%	0	2	0	36	0.0	0	1	0	0	4886	126	A
MN908947.3	26858	C	Y	3147	333	9.56%	2	2	36	36	1.2424881056016558E-98	1	1	112	3035	19	314	T
MN908947.3	27259	A	M	1705	220	11.43%	2	2	36	36	9.13181419795634E-68	1	1	1604	101	207	13	C
MN908947.3	27382	G	S	1464	160	9.85%	2	2	37	38	9.460645536894292E-49	1	1	352	1112	36	124	C
MN908947.3	27383	A	W	1495	162	9.78%	2	2	37	38	2.35029273875725E-49	1	1	340	1155	36	126	T
MN908947.3	27384	T	Y	1468	163	9.99%	2	2	37	38	1.0465089468302094E-49	1	1	331	1137	35	128	C
MN908947.3	27807	C	T	2	8683	99.95%	2	2	36	35	0.0	1	1	1	1	6123	2560	T
MN908947.3	27889	C	T	948	4329	82%	2	2	36	36	0.0	1	1	271	677	1234	3095	T
MN908947.3	28271	A	T	1	5396	99.98%	1	2	36	35	0.0	1	1	0	1	2522	2874	T
MN908947.3	28311	C	T	3	5436	99.94%	1	2	33	35	0.0	1	1	0	3	1966	3470	T
MN908947.3	28330	A	G	827	3550	81.11%	2	2	35	35	0.0	1	1	223	604	1308	2242	G
MN908947.3	28881	G	A	0	2639	100%	0	2	0	35	0.0	0	1	0	0	1835	804	A
MN908947.3	28882	G	A	0	2592	99.92%	0	2	0	35	0.0	0	1	0	0	1792	800	A
MN908947.3	28883	G	C	0	2704	99.96%	0	2	0	35	0.0	0	1	0	0	1894	810	C
MN908947.3	29510	A	C	2	1630	99.88%	1	2	36	35	0.0	1	1	0	2	328	1302	C
MN908947.3	29774	C	T	134	2317	94.49%	2	2	36	36	0.0	1	1	6	128	48	2269	T
MN908947.3	29868	G	A	0	22	100%	0	1	0	31	4.75262816646234E-13	0	1	0	0	0	22	A
