Chrom	Position	Ref	Cons	Reads1	Reads2	VarFreq	Strands1	Strands2	Qual1	Qual2	Pvalue	MapQual1	MapQual2	Reads1Plus	Reads1Minus	Reads2Plus	Reads2Minus	VarAllele
MN908947.3	241	C	T	0	705	100%	0	2	0	36	0.0	0	1	0	0	657	48	T
MN908947.3	521	G	T	267	1290	82.8%	2	2	38	38	0.0	1	1	90	177	547	743	T
MN908947.3	569	G	R	2172	259	10.65%	2	2	36	37	7.220216594052282E-78	1	1	283	1889	46	213	A
MN908947.3	2470	C	T	0	323	100%	0	2	0	37	1.09135757989947E-193	0	1	0	0	34	289	T
MN908947.3	2832	A	G	36	1860	98.1%	2	2	35	36	0.0	1	1	35	1	115	1745	G
MN908947.3	3037	C	T	0	405	100%	0	2	0	37	5.225646187074671E-243	0	1	0	0	250	155	T
MN908947.3	4084	C	Y	970	110	10.19%	2	2	35	36	2.4369820150508104E-33	1	1	932	38	100	10	T
MN908947.3	4364	A	R	1733	100	5.46%	2	2	35	36	1.0315902200864728E-29	1	1	1437	296	78	22	G
MN908947.3	4878	C	T	282	1403	83.21%	2	2	38	38	0.0	1	1	49	233	241	1162	T
MN908947.3	4890	C	Y	579	1254	68.38%	2	2	38	39	0.0	1	1	81	498	222	1032	T
MN908947.3	5386	T	G	0	5258	99.98%	0	2	0	35	0.0	0	1	0	0	5060	198	G
MN908947.3	5392	C	Y	4456	265	5.61%	2	2	36	36	5.647208269365424E-75	1	1	4193	263	252	13	T
MN908947.3	5648	A	M	3558	786	18.09%	2	2	36	34	3.777076806691796E-245	1	1	3357	201	749	37	C
MN908947.3	8393	G	A	1	7838	99.97%	1	2	32	35	0.0	1	1	1	0	7727	111	A
MN908947.3	8905	C	Y	322	149	31.57%	2	2	36	36	1.1915410432931884E-51	1	1	7	315	6	143	T
MN908947.3	9665	C	Y	1133	64	5.35%	2	2	38	38	7.731742330149055E-19	1	1	528	605	31	33	T
MN908947.3	9762	T	Y	1076	459	29.9%	2	2	35	36	4.886339465338034E-154	1	1	29	1047	13	446	C
MN908947.3	10029	C	T	0	693	100%	0	2	0	38	0.0	0	1	0	0	103	590	T
MN908947.3	10125	C	Y	4333	743	14.64%	2	2	35	35	3.5094961120303256E-226	1	1	3934	399	632	111	T
MN908947.3	10449	C	A	0	4160	99.93%	0	2	0	36	0.0	0	1	0	0	1935	2225	A
MN908947.3	11109	C	Y	2276	225	8.99%	2	2	35	35	6.715222264153716E-67	1	1	1978	298	200	25	T
MN908947.3	11537	A	G	0	2441	100%	0	2	0	37	0.0	0	1	0	0	665	1776	G
MN908947.3	11750	C	Y	1533	117	7.09%	2	2	36	37	4.4001762512193355E-35	1	1	1428	105	111	6	T
MN908947.3	12554	G	A	817	4367	84.22%	2	2	35	35	0.0	1	1	407	410	2563	1804	A
MN908947.3	13114	T	Y	2463	235	8.71%	2	2	37	38	6.764327914237063E-70	1	1	285	2178	32	203	C
MN908947.3	13195	T	C	50	9469	99.43%	2	2	34	36	0.0	1	1	38	12	8527	942	C
MN908947.3	13452	C	Y	4232	4239	50.04%	2	2	36	36	0.0	1	1	63	4169	88	4151	T
MN908947.3	13458	C	Y	3722	3817	50.62%	2	2	36	35	0.0	1	1	72	3650	51	3766	T
MN908947.3	14408	C	T	0	3642	100%	0	2	0	36	0.0	0	1	0	0	2776	866	T
MN908947.3	14988	T	Y	574	861	60%	2	2	35	33	0.0	1	1	491	83	812	49	C
MN908947.3	15240	C	T	0	1860	100%	0	2	0	36	0.0	0	1	0	0	90	1770	T
MN908947.3	16948	C	Y	3331	403	10.79%	2	2	36	36	8.304728460232438E-121	1	1	542	2789	60	343	T
MN908947.3	18163	A	G	1	476	99.79%	1	2	36	37	1.2155140071038233E-283	1	1	0	1	61	415	G
MN908947.3	18445	G	R	3256	634	16.29%	2	2	37	37	6.000559137180465E-197	1	1	1257	1999	237	397	A
MN908947.3	20480	C	Y	948	897	48.59%	2	2	35	35	0.0	1	1	900	48	866	31	T
MN908947.3	21789	C	T	532	1730	76.48%	2	2	36	36	0.0	1	1	43	489	104	1626	T
MN908947.3	21846	C	T	0	2735	100%	0	2	0	36	0.0	0	1	0	0	96	2639	T
MN908947.3	22578	G	A	0	755	100%	0	2	0	37	0.0	0	1	0	0	385	370	A
MN908947.3	22599	G	A	1	963	99.9%	1	2	72	36	0.0	1	1	0	1	236	727	A
MN908947.3	22673	T	C	192	3399	94.6%	2	2	35	35	0.0	1	1	3	189	41	3358	C
MN908947.3	22674	C	T	1	3609	99.97%	1	2	32	35	0.0	1	1	0	1	44	3565	T
MN908947.3	22679	T	C	0	3822	100%	0	2	0	35	0.0	0	1	0	0	60	3762	C
MN908947.3	22686	C	T	7	3876	99.79%	2	2	36	35	0.0	1	1	1	6	59	3817	T
MN908947.3	22812	A	M	108	33	23.4%	2	2	35	39	1.3942143587160261E-11	1	1	101	7	30	3	C
MN908947.3	22813	G	T	0	147	100%	0	2	0	36	6.75747077045182E-88	0	1	0	0	136	11	T
MN908947.3	22882	T	G	0	270	100%	0	2	0	36	8.095808412371387E-162	0	1	0	0	237	33	G
MN908947.3	22898	G	A	43	217	83.46%	2	2	36	36	3.034758368741162E-103	1	1	40	3	182	35	A
MN908947.3	22992	G	A	0	1039	100%	0	2	0	35	0.0	0	1	0	0	886	153	A
MN908947.3	22995	C	A	0	1038	100%	0	2	0	35	0.0	0	1	0	0	883	155	A
MN908947.3	23013	A	C	1	1419	99.93%	1	2	36	36	0.0	1	1	1	0	1208	211	C
MN908947.3	23040	A	R	752	1182	61.09%	2	2	35	36	0.0	1	1	677	75	1050	132	G
MN908947.3	23048	G	A	1	2409	99.92%	1	2	32	35	0.0	1	1	1	0	2186	223	A
MN908947.3	23049	G	R	1713	756	30.62%	2	2	35	36	4.216784878807374E-253	1	1	1576	137	670	86	A
MN908947.3	23055	A	G	1	2874	99.83%	1	2	36	35	0.0	1	1	1	0	2635	239	G
MN908947.3	23063	A	T	0	3127	100%	0	2	0	36	0.0	0	1	0	0	2882	245	T
MN908947.3	23075	T	C	1	2969	99.87%	1	2	36	36	0.0	1	1	1	0	2724	245	C
MN908947.3	23202	C	A	0	1588	100%	0	2	0	37	0.0	0	1	0	0	201	1387	A
MN908947.3	23403	A	G	2	4104	99.9%	2	2	49	36	0.0	1	1	1	1	3708	396	G
MN908947.3	23525	C	T	0	6424	99.98%	0	2	0	36	0.0	0	1	0	0	78	6346	T
MN908947.3	23599	T	G	0	3203	100%	0	2	0	35	0.0	0	1	0	0	254	2949	G
MN908947.3	23604	C	A	1	3120	99.97%	1	2	32	36	0.0	1	1	0	1	238	2882	A
MN908947.3	23854	C	A	0	186	100%	0	2	0	36	2.514576691886556E-111	0	1	0	0	20	166	A
MN908947.3	23948	G	T	0	1274	100%	0	2	0	35	0.0	0	1	0	0	1261	13	T
MN908947.3	24130	C	A	0	1413	99.86%	0	2	0	36	0.0	0	1	0	0	172	1241	A
MN908947.3	24424	A	T	0	2771	99.96%	0	2	0	35	0.0	0	1	0	0	177	2594	T
MN908947.3	24469	T	A	2	6640	99.97%	1	2	36	35	0.0	1	1	0	2	2293	4347	A
MN908947.3	24503	C	T	11	6724	99.81%	2	2	34	35	0.0	1	1	10	1	3125	3599	T
MN908947.3	24993	A	R	838	67	7.4%	2	2	37	35	1.9059479917671224E-21	1	1	163	675	14	53	G
MN908947.3	25000	C	T	0	883	100%	0	2	0	36	0.0	0	1	0	0	148	735	T
MN908947.3	25432	A	M	4952	2682	35.13%	2	2	35	35	0.0	1	1	3051	1901	2459	223	C
MN908947.3	25584	C	T	0	3500	100%	0	2	0	36	0.0	0	1	0	0	180	3320	T
MN908947.3	25669	C	Y	2299	1980	46.27%	2	2	35	33	0.0	1	1	43	2256	35	1945	T
MN908947.3	26270	C	T	2	9662	99.96%	1	2	32	35	0.0	1	1	0	2	108	9554	T
MN908947.3	26311	T	Y	1482	3913	72.44%	2	2	35	36	0.0	1	1	152	1330	508	3405	C
MN908947.3	26526	G	S	748	81	9.77%	2	2	37	37	5.298988580247692E-26	1	1	66	682	6	75	C
MN908947.3	26530	A	G	0	818	100%	0	2	0	37	0.0	0	1	0	0	65	753	G
MN908947.3	26577	C	G	0	647	100%	0	2	0	37	0.0	0	1	0	0	45	602	G
MN908947.3	26709	G	A	1	2520	99.96%	1	2	36	36	0.0	1	1	1	0	2356	164	A
MN908947.3	26801	C	Y	1283	92	6.69%	2	2	37	36	2.0316257196371884E-27	1	1	470	813	32	60	T
MN908947.3	27259	A	C	1	1041	99.9%	1	2	36	37	0.0	1	1	1	0	953	88	C
MN908947.3	27459	G	T	249	875	77.85%	2	2	36	39	0.0	1	1	32	217	120	755	T
MN908947.3	27487	A	R	1109	288	20.62%	2	2	36	35	2.163167540795566E-92	1	1	581	528	183	105	G
MN908947.3	27509	C	Y	1512	464	23.48%	2	2	35	34	2.1442458600216476E-151	1	1	1157	355	389	75	T
MN908947.3	27684	C	Y	712	327	31.47%	2	2	36	35	3.625654388669208E-110	1	1	148	564	46	281	T
MN908947.3	27807	C	T	0	880	100%	0	2	0	35	0.0	0	1	0	0	313	567	T
MN908947.3	28271	A	T	0	1705	99.77%	0	2	0	36	0.0	0	1	0	0	1266	439	T
MN908947.3	28311	C	T	0	2062	100%	0	2	0	37	0.0	0	1	0	0	1359	703	T
MN908947.3	28708	C	Y	772	1715	68.96%	2	2	37	37	0.0	1	1	565	207	1160	555	T
MN908947.3	28777	A	R	2993	222	6.91%	2	2	37	36	7.50799863129961E-64	1	1	339	2654	27	195	G
MN908947.3	28877	A	W	1599	1345	45.67%	2	2	36	35	0.0	1	1	278	1321	901	444	T
MN908947.3	28878	G	S	1594	1353	45.86%	2	2	35	36	0.0	1	1	274	1320	891	462	C
MN908947.3	28881	G	A	1	1676	99.88%	1	2	36	36	0.0	1	1	1	0	1138	538	A
MN908947.3	28882	G	A	0	1664	100%	0	2	0	35	0.0	0	1	0	0	1129	535	A
MN908947.3	28883	G	C	0	1694	100%	0	2	0	36	0.0	0	1	0	0	1149	545	C
MN908947.3	29095	C	Y	1776	252	12.43%	2	2	36	35	3.098107391128154E-76	1	1	142	1634	10	242	T
