Chrom	Position	Ref	Cons	Reads1	Reads2	VarFreq	Strands1	Strands2	Qual1	Qual2	Pvalue	MapQual1	MapQual2	Reads1Plus	Reads1Minus	Reads2Plus	Reads2Minus	VarAllele
MN908947.3	92	C	Y	66	5	6.94%	2	1	20	15	0.02905760497984931	1	1	24	42	0	5	T
MN908947.3	180	C	Y	53	7	10.61%	2	1	17	7	0.0064922289986227965	1	1	19	34	0	7	T
MN908947.3	181	T	Y	51	9	14.52%	2	1	18	7	0.0014137628887647123	1	1	19	32	0	9	C
MN908947.3	227	G	R	55	4	6.78%	2	1	22	7	0.05930880713489778	1	1	9	46	4	0	A
MN908947.3	241	C	T	1	60	98.36%	1	2	5	23	1.6175660010581983E-34	1	1	0	1	16	44	T
MN908947.3	313	C	Y	50	3	5.45%	2	1	24	8	0.12142857142857505	1	1	15	35	0	3	T
MN908947.3	322	T	Y	47	3	5.77%	2	1	22	5	0.12121212121211913	1	1	14	33	0	3	C
MN908947.3	670	T	K	1177	1188	49.73%	2	2	22	18	0.0	1	1	587	590	595	593	G
MN908947.3	841	C	Y	862	140	13.82%	2	2	18	10	2.9483127982299062E-43	1	1	495	367	2	138	T
MN908947.3	842	C	Y	884	139	13.51%	2	2	19	11	7.07261856772734E-43	1	1	501	383	2	137	T
MN908947.3	1214	C	Y	896	95	9.03%	2	2	17	10	2.367935931624992E-30	1	1	506	390	6	89	T
MN908947.3	1215	T	Y	936	71	6.95%	2	1	17	11	4.4556421933015244E-21	1	1	510	426	0	71	C
MN908947.3	1264	G	R	930	93	8.81%	2	2	19	9	5.61393949963462E-28	1	1	429	501	92	1	A
MN908947.3	1420	C	Y	717	43	5.52%	2	2	23	10	6.169456814822299E-14	1	1	356	361	4	39	T
MN908947.3	2143	C	Y	1151	64	5.23%	2	2	20	10	7.831105208049963E-19	1	1	598	553	2	62	T
MN908947.3	2198	G	R	1064	115	9.62%	2	2	19	10	7.954208855631895E-35	1	1	468	596	114	1	A
MN908947.3	2246	G	R	1063	97	8.21%	2	2	18	10	4.0103347056795077E-29	1	1	529	534	89	8	A
MN908947.3	2470	C	Y	627	511	44.82%	2	2	22	23	1.5025782153503458E-184	1	1	314	313	248	263	T
MN908947.3	2790	C	Y	411	403	47.52%	2	2	26	32	2.749268776391918E-151	1	1	192	219	191	212	T
MN908947.3	2832	A	R	458	373	44.46%	2	2	16	17	1.031495978323003E-136	1	1	228	230	173	200	G
MN908947.3	2836	C	Y	628	97	13.13%	2	2	16	7	2.017726093949872E-31	1	1	412	216	1	96	T
MN908947.3	2838	C	Y	596	150	19.33%	2	1	18	7	1.6707645391053796E-49	1	1	411	185	0	150	T
MN908947.3	2839	T	Y	738	82	9.82%	2	1	16	8	2.4529135076716927E-26	1	1	412	326	0	82	C
MN908947.3	2842	C	Y	784	56	6.54%	2	1	19	8	5.376949313247237E-18	1	1	405	379	0	56	T
MN908947.3	3037	C	T	8	1336	99.18%	2	2	5	23	0.0	1	1	2	6	719	617	T
MN908947.3	3365	C	Y	871	51	5.38%	2	2	23	10	2.1811688502216736E-16	1	1	466	405	2	49	T
MN908947.3	3701	G	R	1194	107	8%	2	2	19	7	3.604674551779783E-32	1	1	551	643	105	2	A
MN908947.3	3903	C	Y	873	91	9.34%	2	2	20	7	4.3453276723313544E-29	1	1	473	400	2	89	T
MN908947.3	4184	G	R	699	800	52.88%	2	2	22	21	2.0353268710234187E-303	1	1	389	310	403	397	A
MN908947.3	4255	G	R	1265	138	9.56%	2	2	16	6	6.101152049212807E-42	1	1	614	651	126	12	A
MN908947.3	4321	C	Y	658	637	46.63%	2	2	21	22	1.0098082034364514E-235	1	1	368	290	328	309	T
MN908947.3	4656	G	R	718	57	7.21%	2	2	19	10	2.3827534883024725E-18	1	1	365	353	55	2	A
MN908947.3	5305	G	R	1158	80	6.45%	2	2	22	8	9.365789820701358E-24	1	1	508	650	74	6	A
MN908947.3	5386	T	W	740	72	5.54%	2	2	19	10	4.0792005562296017E-23	1	1	385	355	71	1	A
MN908947.3	5386	T	K	740	477	36.69%	2	2	19	17	2.7571400315719297E-167	1	1	385	355	209	268	G
MN908947.3	5633	G	R	1250	67	5.06%	2	2	21	10	1.0130827215532029E-19	1	1	602	648	64	3	A
MN908947.3	5736	C	Y	971	326	24.89%	2	2	20	14	9.122950419647706E-107	1	1	668	303	2	324	T
MN908947.3	6078	C	Y	516	92	14.86%	2	2	21	12	4.8615190416429684E-30	1	1	323	193	1	91	T
MN908947.3	6250	C	Y	834	1002	54.16%	2	2	25	27	0.0	1	1	460	374	503	499	T
MN908947.3	6255	C	Y	1680	182	9.68%	2	2	21	10	1.5055823701611125E-55	1	1	970	710	1	181	T
MN908947.3	6385	C	Y	1786	97	5.09%	2	2	20	8	9.009266722985389E-29	1	1	953	833	4	93	T
MN908947.3	6386	T	Y	1766	111	5.84%	2	2	20	8	4.194856071710971E-33	1	1	954	812	2	109	C
MN908947.3	6387	G	R	1777	100	5.26%	2	2	20	10	1.0659756396516088E-29	1	1	950	827	2	98	A
MN908947.3	6388	C	Y	1745	109	5.73%	2	2	21	10	1.715827275378845E-32	1	1	937	808	1	108	T
MN908947.3	6847	G	R	786	79	9.09%	2	2	18	11	2.559265697106632E-25	1	1	344	442	78	1	A
MN908947.3	6884	G	R	784	63	7.22%	2	1	18	11	3.274216933340071E-20	1	1	363	421	63	0	A
MN908947.3	7392	C	Y	793	105	11.48%	2	2	17	10	9.752062868779336E-34	1	1	433	360	9	96	T
MN908947.3	7472	G	R	725	165	18.15%	2	1	19	12	4.8581698278075615E-54	1	1	264	461	165	0	A
MN908947.3	7517	G	R	832	55	6.06%	2	1	21	7	1.1700938194880843E-17	1	1	369	463	55	0	A
MN908947.3	7594	C	Y	609	59	6.65%	2	1	17	13	4.543193752521087E-19	1	1	367	242	0	59	-T
MN908947.3	7600	C	Y	806	70	7.69%	2	1	19	9	2.0153583825495966E-22	1	1	441	365	0	70	T
MN908947.3	8393	G	R	816	630	43.18%	2	2	23	23	2.6179272446180596E-226	1	1	422	394	318	312	A
MN908947.3	8697	C	Y	1218	67	5.18%	2	2	21	10	9.91642642699828E-20	1	1	670	548	2	65	T
MN908947.3	8889	G	R	862	149	14.26%	2	2	17	10	3.1527249297064984E-46	1	1	256	606	146	3	A
MN908947.3	9246	C	Y	396	28	6.48%	2	1	19	12	2.3498793625796643E-9	1	1	203	193	0	28	T
MN908947.3	9344	C	Y	198	212	50.12%	2	2	20	24	7.598290612707397E-81	1	1	99	99	97	115	T
MN908947.3	9424	A	R	217	215	48.64%	2	2	21	22	4.0129103461737236E-81	1	1	99	118	101	114	G
MN908947.3	9534	C	Y	763	805	50.57%	2	2	21	23	7.387639124531634E-302	1	1	371	392	401	404	T
MN908947.3	9539	C	Y	1296	175	11.39%	2	1	18	9	7.98439190422138E-54	1	1	772	524	0	175	T
MN908947.3	9866	C	Y	450	460	49.62%	2	2	19	21	1.427707809138681E-173	1	1	250	200	257	203	T
MN908947.3	9951	C	Y	963	52	5.05%	2	1	20	10	3.144578614168322E-15	1	1	540	423	0	52	T
MN908947.3	9968	G	R	955	57	5.59%	2	2	19	9	9.348963621756261E-17	1	1	470	485	55	2	A
MN908947.3	10029	C	T	10	1004	98.62%	2	2	12	25	0.0	1	1	6	4	526	478	T
MN908947.3	10139	G	R	1783	140	7.21%	2	2	20	11	3.824692653749544E-42	1	1	816	967	139	1	A
MN908947.3	10198	C	Y	595	323	34.99%	2	2	19	19	5.372530611638822E-113	1	1	261	334	158	165	T
MN908947.3	10261	G	R	827	61	6.82%	2	2	20	9	1.4920831545242844E-19	1	1	338	489	59	2	A
MN908947.3	10447	G	R	398	529	55.8%	2	2	19	22	5.01946951016456E-207	1	1	206	192	273	256	A
MN908947.3	10449	C	A	9	924	97.78%	2	2	6	21	0.0	1	1	6	3	482	442	A
MN908947.3	10834	C	Y	1331	151	10.11%	2	2	19	12	5.030128878365847E-46	1	1	677	654	1	150	T
MN908947.3	11288	T	W	2	4	40%	1	1	3	7	0.030303030303030318	1	1	0	2	4	0	A
MN908947.3	11288	T	Y	2	1	10%	1	1	3	10	0.49999999999999994	1	1	0	2	0	1	A
MN908947.3	11288	T	K	2	3	30%	1	2	3	5	0.08333333333333293	1	1	0	2	1	2	G
MN908947.3	11289	C	M	14	1	5.56%	2	1	8	9	0.49999999999999906	1	1	8	6	1	0	-T
MN908947.3	11290	T	W	22	3	10.71%	2	2	8	6	0.11734693877550847	1	1	11	11	2	1	A
MN908947.3	11291	G	R	12	13	44.83%	2	2	9	10	1.4654490222007342E-5	1	1	6	6	5	8	A
MN908947.3	11537	A	R	995	798	44.14%	2	2	22	20	1.8348246126719813E-288	1	1	497	498	419	379	G
MN908947.3	11669	C	Y	928	162	14.53%	2	2	16	12	2.3508885620554956E-50	1	1	530	398	3	159	T
MN908947.3	11868	C	Y	1043	62	5.57%	2	2	22	7	2.9578170707874526E-18	1	1	543	500	4	58	T
MN908947.3	12695	C	Y	1091	80	6.66%	2	1	20	10	8.677987914639632E-24	1	1	605	486	0	80	T
MN908947.3	12880	C	Y	370	448	54.24%	2	2	25	29	4.293044640320414E-173	1	1	188	182	220	228	T
MN908947.3	13005	C	Y	757	58	7.07%	2	1	21	9	1.2123596424092214E-18	1	1	402	355	0	58	T
MN908947.3	13009	C	Y	766	47	5.73%	2	2	22	12	3.583594327022519E-15	1	1	394	372	7	40	T
MN908947.3	13195	T	Y	987	862	45.92%	2	2	23	25	3.449303803E-315	1	1	515	472	418	444	C
MN908947.3	13402	T	K	1129	379	24.77%	2	2	21	11	2.581536392273835E-124	1	1	609	520	175	204	G
MN908947.3	13408	T	K	1111	386	25.28%	2	2	22	23	5.410754404109098E-127	1	1	597	514	179	207	G
MN908947.3	13476	C	Y	840	185	17.02%	2	2	20	9	2.24968646444368E-58	1	1	604	236	2	183	T
MN908947.3	13489	G	R	998	81	7.09%	2	1	15	9	3.74420499838035E-24	1	1	440	558	81	0	A
MN908947.3	13492	C	Y	1052	104	8.89%	2	1	14	10	2.4162963462363847E-31	1	1	592	460	0	104	T
MN908947.3	14351	A	R	764	676	46.62%	2	2	24	22	2.966526260394291E-247	1	1	411	353	342	334	G
MN908947.3	14408	C	T	40	1382	96.31%	2	2	5	23	0.0	1	1	3	37	727	655	T
MN908947.3	14677	G	R	890	48	5.07%	2	2	21	7	1.916965144135466E-15	1	1	456	434	45	3	A
MN908947.3	15102	T	Y	1119	150	11.59%	2	1	17	9	5.238235120345418E-46	1	1	684	435	0	150	C
MN908947.3	15145	A	R	1196	125	9.35%	2	2	21	11	7.198640953793572E-38	1	1	567	629	124	1	G
MN908947.3	15146	G	R	1219	125	9.28%	2	1	21	10	7.601627210566119E-38	1	1	574	645	125	0	A
MN908947.3	15240	C	Y	527	388	42.27%	2	2	24	25	2.0727963979083914E-140	1	1	275	252	187	201	T
MN908947.3	15588	C	Y	1115	94	7.65%	2	2	20	11	3.8407883645820273E-28	1	1	608	507	2	92	T
MN908947.3	15714	C	Y	540	662	54.98%	2	2	20	21	2.8603125152794444E-253	1	1	280	260	318	344	T
MN908947.3	15952	C	Y	1076	68	5.85%	2	2	18	9	4.376765331464429E-20	1	1	538	538	7	61	T
MN908947.3	15960	C	Y	641	558	46%	2	2	16	20	2.1624137525895353E-203	1	1	319	322	279	279	T
MN908947.3	16013	G	R	1095	109	8.93%	2	2	15	10	6.913785884156581E-33	1	1	480	615	108	1	A
MN908947.3	16111	C	Y	1144	63	5.1%	2	2	19	10	1.5753995755065145E-18	1	1	591	553	1	62	T
MN908947.3	16220	C	Y	1503	127	7.67%	2	2	17	10	3.0656820816553706E-38	1	1	841	662	3	124	T
MN908947.3	16720	G	R	905	49	5.08%	2	1	24	9	9.437111017326779E-16	1	1	420	485	49	0	A
MN908947.3	16825	G	R	1001	117	10.36%	2	1	18	11	1.5338585214965194E-35	1	1	386	615	117	0	A
MN908947.3	16870	C	Y	1052	106	8.64%	2	2	19	10	5.616004979458198E-32	1	1	548	504	2	104	T
MN908947.3	16987	G	R	1138	62	5.05%	2	2	19	10	3.1701421422618045E-18	1	1	529	609	58	4	A
MN908947.3	17196	G	R	951	68	6.49%	2	1	19	8	3.856443526881296E-20	1	1	411	540	68	0	A
MN908947.3	17197	G	R	990	65	6.07%	2	2	20	8	3.385260398799678E-19	1	1	446	544	64	1	A
MN908947.3	17410	C	Y	1006	1247	54.65%	2	2	21	24	0.0	1	1	506	500	616	631	T
MN908947.3	17567	G	R	1104	113	9.19%	2	2	18	12	3.795762421020646E-34	1	1	444	660	103	10	A
MN908947.3	17708	C	Y	2223	233	9.36%	2	2	18	11	1.7109917837306155E-69	1	1	1122	1101	33	200	T
MN908947.3	17845	C	Y	1161	93	7.35%	2	1	22	9	8.464957306409838E-28	1	1	606	555	0	93	T
MN908947.3	17947	G	R	1106	89	7.27%	2	2	17	9	1.3910209432785265E-26	1	1	459	647	88	1	A
MN908947.3	18163	A	G	51	1159	91.26%	2	2	9	18	0.0	1	1	50	1	530	629	G
MN908947.3	18266	G	R	1149	67	5.41%	2	2	15	8	9.432186721079012E-20	1	1	549	600	42	25	A
MN908947.3	18317	G	R	1705	116	6.28%	2	2	19	9	1.1056734309774543E-34	1	1	674	1031	114	2	A
MN908947.3	18733	G	R	1270	102	7.39%	2	2	20	10	1.5146426321765778E-30	1	1	623	647	100	2	A
MN908947.3	19484	C	Y	463	97	17.02%	2	2	16	10	6.629885482942403E-32	1	1	262	201	2	95	T
MN908947.3	19492	A	R	531	37	6.48%	2	2	20	10	3.969874171463744E-12	1	1	223	308	36	1	G
MN908947.3	19493	G	R	529	41	7.16%	2	1	20	10	2.1567656210551111E-13	1	1	220	309	41	0	A
MN908947.3	19955	C	Y	653	724	51.94%	2	2	21	22	3.2947135497373146E-273	1	1	326	327	374	350	T
MN908947.3	20032	C	Y	1271	87	6.3%	2	2	18	10	7.154724380848348E-26	1	1	678	593	8	79	T
MN908947.3	20055	A	R	637	695	51.67%	2	2	22	21	1.3096043190733594E-261	1	1	322	315	359	336	G
MN908947.3	20679	G	R	1057	107	8.99%	2	2	17	9	2.7363513241502586E-32	1	1	494	563	97	10	A
MN908947.3	20791	G	R	1108	84	6.91%	2	2	18	10	5.057435705138181E-25	1	1	483	625	78	6	A
MN908947.3	20792	C	Y	1095	81	6.6%	2	2	20	9	4.2646526090664426E-24	1	1	502	593	64	17	T
MN908947.3	20931	G	R	550	38	6.37%	2	2	18	11	1.9617512197708757E-12	1	1	268	282	37	1	A
MN908947.3	21002	G	R	569	33	5.42%	2	2	21	8	7.417314797557844E-11	1	1	308	261	1	32	A
MN908947.3	21191	C	Y	1020	64	5.86%	2	2	19	10	7.06520479127025E-19	1	1	517	503	2	62	T
MN908947.3	21431	C	Y	846	61	6.62%	2	2	20	10	1.526999445245997E-19	1	1	454	392	6	55	T
MN908947.3	21618	C	Y	587	519	46.13%	2	2	23	24	1.8414455272384435E-189	1	1	298	289	256	263	T
MN908947.3	21762	C	Y	981	890	47.04%	2	2	22	11	0.0	1	1	496	485	438	452	T
MN908947.3	21846	C	Y	1012	911	47.03%	2	2	20	22	0.0	1	1	507	505	437	474	T
MN908947.3	21987	G	A	89	1318	87.17%	2	2	22	25	0.0	1	1	37	52	627	691	A
MN908947.3	22200	T	K	196	643	74.34%	2	2	19	18	1.687148143317478E-287	1	1	98	98	350	293	G
MN908947.3	22251	C	Y	1242	74	5.54%	2	2	22	10	7.195840080343631E-22	1	1	663	579	3	71	T
MN908947.3	22578	G	A	21	2154	98.54%	2	2	8	25	0.0	1	1	19	2	1130	1024	A
MN908947.3	22599	G	R	1281	894	40.65%	2	2	24	25	2.250982633E-315	1	1	679	602	451	443	A
MN908947.3	22661	G	R	756	59	7.21%	2	2	20	10	5.838144079521996E-19	1	1	339	417	56	3	A
MN908947.3	22673	T	Y	502	285	35.4%	2	2	22	22	2.908409123981488E-100	1	1	242	260	149	136	C
MN908947.3	22674	C	T	20	764	96.1%	2	2	6	23	0.0	1	1	7	13	380	384	T
MN908947.3	22679	T	C	13	801	98.04%	2	2	8	20	0.0	1	1	8	5	392	409	C
MN908947.3	22686	C	T	11	759	97.31%	2	2	7	23	0.0	1	1	5	6	358	401	T
MN908947.3	22688	A	R	317	498	60.51%	2	2	23	19	9.372244488360233E-200	1	1	162	155	241	257	G
MN908947.3	22775	G	R	330	489	59.42%	2	2	20	18	1.7856499781602372E-194	1	1	157	173	255	234	A
MN908947.3	22786	A	M	340	472	57.56%	2	2	22	20	5.924264656400996E-186	1	1	162	178	244	228	C
MN908947.3	22813	G	T	2	831	99.52%	2	2	3	26	0.0	1	1	1	1	416	415	T
MN908947.3	22882	T	G	6	967	97.48%	1	2	5	21	0.0	1	1	0	6	497	470	G
MN908947.3	22898	G	R	529	435	44.85%	2	2	19	19	1.5918852986541717E-159	1	1	242	287	236	199	A
MN908947.3	22992	G	A	13	972	97.79%	2	2	7	21	0.0	1	1	11	2	479	493	A
MN908947.3	22995	C	A	3	971	99.18%	2	2	6	22	0.0	1	1	2	1	479	492	A
MN908947.3	23013	A	C	14	973	97.3%	2	2	8	23	0.0	1	1	10	4	476	497	C
MN908947.3	23040	A	G	11	984	98.6%	2	2	6	21	0.0	1	1	7	4	490	494	G
MN908947.3	23048	G	R	627	363	36.45%	2	2	22	22	8.596253261033299E-128	1	1	306	321	195	168	A
MN908947.3	23055	A	G	37	932	95.39%	2	2	9	18	0.0	1	1	29	8	464	468	G
MN908947.3	23063	A	T	5	942	98.33%	2	2	11	23	0.0	1	1	4	1	474	468	T
MN908947.3	23075	T	C	15	984	98.4%	2	2	6	23	0.0	1	1	12	3	476	508	C
MN908947.3	23202	C	M	598	428	41.19%	2	2	25	24	7.4759821143723265E-152	1	1	291	307	195	233	A
MN908947.3	23403	A	G	5	983	98.5%	2	2	9	21	0.0	1	1	3	2	498	485	G
MN908947.3	23525	C	T	11	1311	98.79%	2	2	6	25	0.0	1	1	2	9	666	645	T
MN908947.3	23561	G	R	1051	218	16.59%	2	1	20	11	1.052502393031251E-68	1	1	418	633	218	0	A
MN908947.3	23599	T	G	3	1304	98.64%	2	2	8	22	0.0	1	1	2	1	646	658	G
MN908947.3	23604	C	A	7	1322	98.73%	2	2	5	21	0.0	1	1	3	4	667	655	A
MN908947.3	23854	C	A	5	1410	99.23%	2	2	7	24	0.0	1	1	4	1	689	721	A
MN908947.3	23874	C	Y	1275	167	11.48%	2	2	19	10	2.909952222685205E-51	1	1	712	563	1	166	T
MN908947.3	23948	G	T	4	1444	98.9%	2	2	10	30	0.0	1	1	1	3	707	737	T
MN908947.3	24056	G	R	1196	153	11.14%	2	2	21	8	7.4417735416169195E-47	1	1	462	734	147	6	A
MN908947.3	24057	G	R	1270	100	7.16%	2	2	19	6	6.398315294659042E-30	1	1	542	728	98	2	A
MN908947.3	24096	C	Y	1247	151	10.69%	2	2	20	10	3.906442614880525E-46	1	1	686	561	1	150	T
MN908947.3	24130	C	M	1461	1079	41.53%	2	2	21	22	0.0	1	1	709	752	526	553	A
MN908947.3	24199	G	R	1003	141	12.1%	2	2	16	9	2.74703513440094E-43	1	1	434	569	139	2	A
MN908947.3	24233	G	R	1095	60	5.04%	2	2	19	8	1.2560834916197229E-17	1	1	508	587	58	2	A
MN908947.3	24245	C	Y	1007	67	5.99%	2	2	20	11	8.332710120797149E-20	1	1	573	434	4	63	T
MN908947.3	24276	G	R	1111	64	5.4%	2	1	21	9	7.607850546190657E-19	1	1	506	605	64	0	A
MN908947.3	24277	G	R	996	74	6.2%	2	2	21	7	5.632376046097232E-22	1	1	396	600	72	2	A
MN908947.3	24389	A	M	1168	110	8.49%	2	2	23	21	3.8823184606332524E-33	1	1	573	595	94	16	C
MN908947.3	24390	G	S	1165	113	8.69%	2	2	22	20	4.339898110454321E-34	1	1	570	595	96	17	C
MN908947.3	24422	C	Y	2009	116	5.4%	2	2	22	10	4.443635303059024E-33	1	1	1102	907	1	115	T
MN908947.3	24424	A	T	18	2067	97.04%	2	2	8	23	0.0	1	1	8	10	1077	990	T
MN908947.3	24469	T	A	13	851	98.38%	2	2	9	22	0.0	1	1	9	4	422	429	A
MN908947.3	24503	C	Y	510	395	42.47%	2	2	22	24	7.931749734858539E-144	1	1	266	244	224	171	T
MN908947.3	24793	T	Y	735	632	45.76%	2	2	20	17	3.4177897485140414E-230	1	1	357	378	339	293	C
MN908947.3	25000	C	T	8	1393	99.22%	2	2	9	25	0.0	1	1	1	7	704	689	T
MN908947.3	25499	C	Y	825	47	5.23%	2	2	18	9	3.758276423531062E-15	1	1	386	439	1	46	T
MN908947.3	25584	C	T	16	844	97.8%	1	2	7	21	0.0	1	1	0	16	391	453	T
MN908947.3	25776	G	K	626	550	46.18%	2	2	20	22	1.067355658044691E-200	1	1	314	312	271	279	T
MN908947.3	25792	C	Y	1087	86	7.2%	2	2	17	10	1.170450022151416E-25	1	1	576	511	1	85	T
MN908947.3	25805	C	Y	1097	68	5.75%	2	2	18	9	4.4585613785316175E-20	1	1	558	539	7	61	T
MN908947.3	25836	C	Y	1112	63	5.31%	2	2	21	9	1.5402918050409132E-18	1	1	578	534	2	61	T
MN908947.3	26030	A	R	937	659	40.8%	2	2	22	21	4.4101445726833795E-234	1	1	483	454	323	336	G
MN908947.3	26060	C	Y	689	888	55.67%	2	2	21	23	0.0	1	1	340	349	444	444	T
MN908947.3	26270	C	T	15	2470	98.92%	2	2	6	19	0.0	1	1	9	6	1203	1267	T
MN908947.3	26350	G	R	837	48	5.32%	2	2	20	9	1.845530278914904E-15	1	1	391	446	46	2	A
MN908947.3	26522	C	Y	827	76	8.35%	2	2	20	8	2.5482604081773594E-24	1	1	452	375	6	70	T
MN908947.3	26530	A	R	441	441	49.66%	2	2	21	20	6.223904246575765E-166	1	1	224	217	201	240	G
MN908947.3	26538	G	R	867	49	5.31%	2	1	19	8	9.186093648530998E-16	1	1	412	455	49	0	A
MN908947.3	26549	C	Y	1736	187	9.62%	2	1	19	9	4.3597239101493446E-57	1	1	983	753	0	187	T
MN908947.3	26551	T	Y	1808	130	6.68%	2	2	22	10	5.3463386322546726E-39	1	1	987	821	1	129	C
MN908947.3	26577	C	G	1	1003	99.5%	1	2	8	24	0.0	1	1	0	1	519	484	G
MN908947.3	26709	G	A	26	981	96.65%	1	2	6	20	0.0	1	1	26	0	484	497	A
MN908947.3	26753	C	Y	906	91	8.93%	2	2	20	9	4.6948351089668747E-29	1	1	513	393	1	90	T
MN908947.3	26858	C	Y	480	529	52.02%	2	2	26	26	4.904938674977716E-199	1	1	244	236	265	264	T
MN908947.3	27084	G	R	1338	94	6.51%	2	2	21	9	5.167781264836824E-28	1	1	609	729	93	1	A
MN908947.3	27103	C	Y	1150	259	17.99%	2	2	20	8	3.247656484378122E-82	1	1	722	428	2	257	T
MN908947.3	27106	C	Y	1285	74	5.24%	2	2	20	10	7.440640375875875E-22	1	1	728	557	1	73	T
MN908947.3	27259	A	C	18	1325	96.57%	2	2	7	19	0.0	1	1	13	5	722	603	C
MN908947.3	27382	G	S	664	699	50.62%	2	2	24	20	8.169038956896565E-262	1	1	320	344	381	318	C
MN908947.3	27383	A	W	664	700	50.36%	2	2	28	24	3.0426179473607965E-262	1	1	324	340	378	322	T
MN908947.3	27384	T	Y	696	702	49.79%	2	2	27	23	2.1413038615170367E-261	1	1	327	369	381	321	C
MN908947.3	27707	C	Y	1009	54	5%	2	2	18	8	7.987609674270666E-16	1	1	555	454	5	49	T
MN908947.3	27807	C	T	4	1071	98.89%	2	2	8	26	0.0	1	1	1	3	548	523	T
MN908947.3	28122	G	R	2069	270	11.3%	2	2	20	11	1.4487894522439146E-81	1	1	883	1186	263	7	A
MN908947.3	28271	A	T	29	1745	97.65%	2	2	10	25	0.0	1	1	6	23	846	899	T
MN908947.3	28311	C	T	55	1680	96.28%	2	2	12	20	0.0	1	1	39	16	798	882	T
MN908947.3	28362	G	K	57	6	7.5%	2	1	10	4	0.013795605724652339	1	1	30	27	0	6	T
MN908947.3	28363	A	W	20	42	63.64%	2	2	8	8	4.082559340432066E-18	1	1	4	16	27	15	T
MN908947.3	28365	A	W	40	3	6.52%	2	2	9	5	0.12058823529411408	1	1	6	34	1	2	T
MN908947.3	28367	C	Y	6	15	65.22%	2	2	3	9	5.499408630258758E-7	1	1	1	5	3	12	T
MN908947.3	28368	G	S	3	2	8%	2	1	3	3	0.22222222222222132	1	1	1	2	0	2	-CA
MN908947.3	28368	G	K	3	2	8%	2	1	3	3	0.22222222222222132	1	1	1	2	2	0	-CA
MN908947.3	28369	C	Y	7	21	70%	2	2	5	3	8.791727043229548E-10	1	1	3	4	4	17	T
MN908947.3	28568	G	R	758	119	13.37%	2	2	19	11	2.048440455184438E-38	1	1	379	379	118	1	A
MN908947.3	28881	G	A	3	972	99.49%	1	2	8	23	0.0	1	1	3	0	505	467	A
MN908947.3	28882	G	A	7	958	97.36%	1	2	8	24	0.0	1	1	7	0	491	467	A
MN908947.3	28883	G	C	6	974	97.79%	2	2	8	22	0.0	1	1	3	3	499	475	C
MN908947.3	28916	G	R	904	94	9.38%	2	2	20	11	5.069737073731624E-30	1	1	422	482	93	1	A
MN908947.3	29022	C	Y	1427	102	6.59%	2	1	21	7	1.8560700659925068E-30	1	1	800	627	0	102	T
MN908947.3	29058	G	R	975	84	7.73%	2	1	16	7	4.166536547067646E-25	1	1	398	577	84	0	A
MN908947.3	29426	A	R	882	56	5.76%	2	1	20	9	5.955035143754051E-18	1	1	385	497	56	0	G
MN908947.3	29427	G	R	862	53	5.59%	2	1	19	8	5.113004492462922E-17	1	1	374	488	53	0	A
MN908947.3	29510	A	M	491	479	48.58%	2	2	22	19	1.4204243311754518E-179	1	1	248	243	255	224	C
MN908947.3	29783	G	R	1410	104	6.8%	2	2	17	5	4.330218264856202E-31	1	1	702	708	103	1	A
