Chrom	Position	Ref	Cons	Reads1	Reads2	VarFreq	Strands1	Strands2	Qual1	Qual2	Pvalue	MapQual1	MapQual2	Reads1Plus	Reads1Minus	Reads2Plus	Reads2Minus	VarAllele
MN908947.3	174	G	R	7746	631	7.53%	2	2	36	35	1.7531061471859552E-180	1	1	7702	44	624	7	A
MN908947.3	241	C	T	1	6749	99.99%	1	2	36	36	0.0	1	1	1	0	6619	130	T
MN908947.3	670	T	G	0	8256	99.99%	0	2	0	35	0.0	0	1	0	0	5535	2721	G
MN908947.3	677	G	A	1149	5678	83.16%	2	2	35	35	0.0	1	1	728	421	3792	1886	A
MN908947.3	1931	C	M	8454	1344	13.72%	2	2	35	34	0.0	1	1	8266	188	1325	19	A
MN908947.3	2790	C	T	0	8174	100%	0	2	0	37	0.0	0	1	0	0	546	7628	T
MN908947.3	2954	T	Y	3860	668	14.75%	2	2	38	37	1.668359399570552E-204	1	1	3493	367	592	76	C
MN908947.3	3037	C	T	0	2480	99.96%	0	2	0	40	0.0	0	1	0	0	1211	1269	T
MN908947.3	4184	G	A	1	2547	99.92%	1	2	36	42	0.0	1	1	1	0	1548	999	A
MN908947.3	4321	C	T	1	1919	99.95%	1	2	36	37	0.0	1	1	0	1	90	1829	T
MN908947.3	8123	C	Y	4067	439	9.74%	2	2	37	37	1.1510101325799045E-129	1	1	3824	243	418	21	T
MN908947.3	9344	C	T	0	519	100%	0	2	0	39	1.371284966735E-311	0	1	0	0	366	153	T
MN908947.3	9424	A	G	0	579	100%	0	2	0	43	0.0	0	1	0	0	136	443	G
MN908947.3	9534	C	T	0	1509	99.93%	0	2	0	38	0.0	0	1	0	0	1078	431	T
MN908947.3	10029	C	T	0	2010	100%	0	2	0	41	0.0	0	1	0	0	366	1644	T
MN908947.3	10198	C	T	4	9586	99.81%	1	2	36	35	0.0	1	1	4	0	9363	223	T
MN908947.3	10447	G	A	0	8898	100%	0	2	0	36	0.0	0	1	0	0	6511	2387	A
MN908947.3	10449	C	A	0	9163	99.98%	0	2	0	36	0.0	0	1	0	0	6777	2386	A
MN908947.3	11291	G	A	0	1	100%	0	1	0	31	0.5	0	1	0	0	1	0	A
MN908947.3	11296	T	G	0	12	100%	0	2	0	51	3.6980115052534125E-7	0	1	0	0	9	3	G
MN908947.3	11653	C	M	6218	1078	14.76%	2	2	36	36	0.0	1	1	1692	4526	256	822	A
MN908947.3	11750	C	Y	5124	645	11.18%	2	2	38	38	1.4186275610323703E-192	1	1	4732	392	577	68	T
MN908947.3	12160	G	A	1	5838	99.98%	1	2	36	38	0.0	1	1	0	1	1536	4302	A
MN908947.3	12880	C	T	1	6791	99.99%	1	2	36	36	0.0	1	1	0	1	4263	2528	T
MN908947.3	14257	T	Y	3429	675	16.45%	2	2	41	42	3.66304276748979E-208	1	1	1702	1727	326	349	C
MN908947.3	14408	C	T	0	8772	100%	0	2	0	36	0.0	0	1	0	0	6509	2263	T
MN908947.3	15714	C	T	0	5191	100%	0	2	0	37	0.0	0	1	0	0	2636	2555	T
MN908947.3	16935	G	R	8385	860	9.3%	2	2	37	37	2.3197578896411724E-250	1	1	2871	5514	297	563	A
MN908947.3	17410	C	T	0	9303	99.97%	0	2	0	35	0.0	0	1	0	0	9168	135	T
MN908947.3	18111	T	Y	1427	140	8.93%	2	2	40	38	2.0652523882983006E-42	1	1	654	773	69	71	C
MN908947.3	18163	A	G	0	1988	100%	0	2	0	39	0.0	0	1	0	0	305	1683	G
MN908947.3	19955	C	T	0	257	100%	0	2	0	38	5.300721162281544E-154	0	1	0	0	238	19	T
MN908947.3	20055	A	G	0	155	100%	0	2	0	37	1.0587474235164683E-92	0	1	0	0	15	140	G
MN908947.3	21570	T	G	1591	7305	82.11%	2	2	38	39	0.0	1	1	1192	399	4404	2901	G
MN908947.3	21618	C	T	1	9005	99.97%	1	2	36	36	0.0	1	1	1	0	6714	2291	T
MN908947.3	21987	G	A	2	1375	99.85%	1	2	34	43	0.0	1	1	2	0	1149	226	A
MN908947.3	22200	T	G	1	770	99.87%	1	2	36	38	0.0	1	1	0	1	127	643	G
MN908947.3	22498	C	Y	989	116	10.5%	2	2	36	36	3.095106996806108E-35	1	1	932	57	107	9	T
MN908947.3	22578	G	A	0	379	99.48%	0	2	0	38	2.2766751380878186E-227	0	1	0	0	231	148	A
MN908947.3	22599	G	C	58	338	85.35%	2	2	39	38	1.649239554039903E-163	1	1	23	35	122	216	C
MN908947.3	22674	C	T	0	834	100%	0	2	0	37	0.0	0	1	0	0	25	809	T
MN908947.3	22679	T	C	0	887	100%	0	2	0	37	0.0	0	1	0	0	28	859	C
MN908947.3	22686	C	T	0	888	100%	0	2	0	36	0.0	0	1	0	0	29	859	T
MN908947.3	22688	A	G	0	864	100%	0	2	0	36	0.0	0	1	0	0	30	834	G
MN908947.3	22775	G	A	0	146	100%	0	2	0	36	2.6937944703969864E-87	0	1	0	0	18	128	A
MN908947.3	22786	A	C	0	201	100%	0	2	0	35	2.4343599336244214E-120	0	1	0	0	181	20	C
MN908947.3	22813	G	T	0	377	99.74%	0	2	0	37	3.633062570809973E-226	0	1	0	0	336	41	T
MN908947.3	22882	T	G	0	1185	100%	0	2	0	38	0.0	0	1	0	0	1089	96	G
MN908947.3	22893	A	M	1266	206	13.99%	2	2	38	39	4.834163862945571E-64	1	1	1161	105	188	18	C
MN908947.3	22917	T	G	0	1310	100%	0	2	0	38	0.0	0	1	0	0	1173	137	G
MN908947.3	22942	T	W	1587	245	13.37%	2	2	39	39	3.712879028308392E-76	1	1	1346	241	217	28	A
MN908947.3	22992	G	A	0	5928	99.97%	0	2	0	36	0.0	0	1	0	0	5372	556	A
MN908947.3	22995	C	A	0	5943	100%	0	2	0	36	0.0	0	1	0	0	5387	556	A
MN908947.3	23013	A	C	0	8998	99.92%	0	2	0	36	0.0	0	1	0	0	8337	661	C
MN908947.3	23018	T	G	2	9232	99.95%	1	2	34	36	0.0	1	1	2	0	8560	672	G
MN908947.3	23055	A	G	12	9078	99.82%	2	2	39	36	0.0	1	1	10	2	8430	648	G
MN908947.3	23063	A	T	0	9532	99.99%	0	2	0	36	0.0	0	1	0	0	8878	654	T
MN908947.3	23075	T	C	1	9156	99.99%	1	2	36	36	0.0	1	1	1	0	8470	686	C
MN908947.3	23403	A	G	0	9311	99.99%	0	2	0	36	0.0	0	1	0	0	8122	1189	G
MN908947.3	23525	C	T	2	9697	99.97%	1	2	36	36	0.0	1	1	0	2	431	9266	T
MN908947.3	23599	T	G	0	2125	100%	0	2	0	36	0.0	0	1	0	0	616	1509	G
MN908947.3	23604	C	A	1	2025	99.9%	1	2	36	36	0.0	1	1	0	1	606	1419	A
MN908947.3	23854	C	A	0	338	100%	0	2	0	37	1.0397210326053724E-202	0	1	0	0	22	316	A
MN908947.3	23948	G	T	0	2907	100%	0	2	0	36	0.0	0	1	0	0	2853	54	T
MN908947.3	24424	A	T	0	9353	100%	0	2	0	36	0.0	0	1	0	0	899	8454	T
MN908947.3	24469	T	A	1	9373	99.98%	1	2	36	36	0.0	1	1	0	1	1265	8108	A
MN908947.3	25000	C	T	0	2533	100%	0	2	0	41	0.0	0	1	0	0	512	2021	T
MN908947.3	25584	C	T	2	9393	99.97%	1	2	54	37	0.0	1	1	0	2	875	8518	T
MN908947.3	26060	C	T	1	9780	99.97%	1	2	36	35	0.0	1	1	1	0	9506	274	T
MN908947.3	26270	C	T	3	8602	99.93%	2	2	36	35	0.0	1	1	1	2	592	8010	T
MN908947.3	26529	G	R	2411	348	12.61%	2	2	38	38	2.5632684635337656E-106	1	1	144	2267	27	321	A
MN908947.3	26577	C	G	0	1640	100%	0	2	0	38	0.0	0	1	0	0	94	1546	G
MN908947.3	26709	G	A	2	7618	99.96%	2	2	54	38	0.0	1	1	1	1	6986	632	A
MN908947.3	26858	C	T	1453	5311	78.52%	2	2	39	38	0.0	1	1	167	1286	640	4671	T
MN908947.3	27259	A	C	633	3594	84.98%	2	2	39	38	0.0	1	1	560	73	3251	343	C
MN908947.3	27382	G	C	1085	3422	75.91%	2	2	45	43	0.0	1	1	341	744	908	2514	C
MN908947.3	27383	A	T	1095	3435	75.83%	2	2	45	43	0.0	1	1	337	758	907	2528	T
MN908947.3	27384	T	C	1087	3415	75.86%	2	2	44	43	0.0	1	1	328	759	898	2517	C
MN908947.3	27788	G	K	2851	6433	69.29%	2	2	34	35	0.0	1	1	905	1946	2749	3684	T
MN908947.3	27807	C	T	1	6780	99.97%	1	2	36	37	0.0	1	1	1	0	3938	2842	T
MN908947.3	27889	C	Y	6903	1699	19.75%	2	2	40	40	0.0	1	1	3310	3593	818	881	T
MN908947.3	28271	A	T	0	9472	100%	0	2	0	36	0.0	0	1	0	0	1945	7527	T
MN908947.3	28311	C	T	1	8854	99.98%	1	2	36	35	0.0	1	1	0	1	2135	6719	T
MN908947.3	28312	C	Y	7357	1523	17.15%	2	2	35	35	0.0	1	1	1832	5525	299	1224	T
MN908947.3	28681	G	K	5775	887	13.3%	2	2	39	40	2.950370822872294E-268	1	1	3457	2318	511	376	T
MN908947.3	28724	C	T	1055	7674	87.91%	2	2	40	39	0.0	1	1	307	748	2042	5632	T
MN908947.3	28881	G	A	2	8716	99.98%	1	2	36	36	0.0	1	1	2	0	6899	1817	A
MN908947.3	28882	G	A	2	8570	99.94%	1	2	34	36	0.0	1	1	2	0	6757	1813	A
MN908947.3	28883	G	C	1	8798	99.98%	1	2	32	36	0.0	1	1	1	0	6952	1846	C
MN908947.3	29377	T	C	1057	5125	82.88%	2	2	37	37	0.0	1	1	187	870	983	4142	C
MN908947.3	29510	A	C	3	5191	99.79%	1	2	36	36	0.0	1	1	0	3	3081	2110	C
MN908947.3	29868	G	R	77	12	13.48%	2	1	33	31	1.641919899139002E-4	1	1	1	76	0	12	A
