Chrom	Position	Ref	Cons	Reads1	Reads2	VarFreq	Strands1	Strands2	Qual1	Qual2	Pvalue	MapQual1	MapQual2	Reads1Plus	Reads1Minus	Reads2Plus	Reads2Minus	VarAllele
MN908947.3	177	T	Y	112	7	5.79%	2	1	16	8	0.007134918607512385	1	1	34	78	0	7	C
MN908947.3	227	G	R	102	11	9.4%	2	2	22	8	3.7825617668350777E-4	1	1	17	85	10	1	A
MN908947.3	241	C	T	0	107	99.07%	0	2	0	22	6.971963497048953E-64	0	1	0	0	27	80	T
MN908947.3	665	C	Y	1603	91	5.27%	2	2	21	8	5.570582434794784E-27	1	1	836	767	9	82	T
MN908947.3	670	T	K	806	865	51.43%	2	2	22	18	0.0	1	1	402	404	408	457	G
MN908947.3	1141	G	R	627	37	5.54%	2	1	21	14	4.3441382750433784E-12	1	1	264	363	37	0	A
MN908947.3	1171	T	Y	657	37	5.29%	2	2	20	8	4.4447774413279965E-12	1	1	336	321	1	36	C
MN908947.3	1214	C	Y	593	52	7.59%	2	2	18	10	7.609022066164893E-17	1	1	324	269	2	50	T
MN908947.3	1215	T	Y	618	41	6.17%	2	2	18	11	2.393090646617463E-13	1	1	325	293	2	39	C
MN908947.3	1264	G	R	627	45	6.52%	2	2	19	10	1.3265583368540648E-14	1	1	286	341	43	2	A
MN908947.3	1377	C	Y	362	501	57.65%	2	2	22	24	2.973488098664049E-197	1	1	166	196	225	276	T
MN908947.3	1420	C	Y	831	50	5.6%	2	2	23	12	4.3430393780571753E-16	1	1	409	422	2	48	T
MN908947.3	2143	C	Y	1339	75	5.27%	2	2	19	10	3.818088797150419E-22	1	1	694	645	1	74	T
MN908947.3	2198	G	R	1239	151	10.72%	2	2	19	10	3.807074440806532E-46	1	1	536	703	150	1	A
MN908947.3	2246	G	R	922	70	6.97%	2	2	18	9	2.3985546915610686E-22	1	1	437	485	66	4	A
MN908947.3	2258	G	R	950	59	5.77%	2	2	23	10	2.27366194757186E-17	1	1	447	503	54	5	A
MN908947.3	2445	C	M	470	485	50.26%	2	2	19	21	3.311217654339217E-183	1	1	224	246	243	242	A
MN908947.3	2470	C	Y	571	415	42%	2	2	21	23	6.724373805262508E-150	1	1	272	299	197	218	T
MN908947.3	2790	C	Y	385	533	55.81%	2	2	26	32	8.011609269384849E-210	1	1	191	194	247	286	T
MN908947.3	2832	A	R	549	399	41.87%	2	2	16	17	3.81882280273353E-144	1	1	271	278	188	211	G
MN908947.3	2836	C	Y	730	84	10.12%	2	2	16	7	5.404828629276429E-27	1	1	464	266	2	82	T
MN908947.3	2838	C	Y	699	143	16.38%	2	1	18	6	1.2250889219876887E-46	1	1	468	231	0	143	T
MN908947.3	2839	T	Y	833	73	7.82%	2	1	16	7	2.3361317008783025E-23	1	1	470	363	0	73	C
MN908947.3	2842	C	Y	892	53	5.53%	2	2	19	8	5.244144067648827E-17	1	1	463	429	1	52	T
MN908947.3	3037	C	T	3	972	99.28%	1	2	8	23	0.0	1	1	0	3	496	476	T
MN908947.3	3701	G	R	891	54	5.57%	2	2	20	6	2.546421615870296E-17	1	1	392	499	53	1	A
MN908947.3	3903	C	Y	863	66	7.04%	2	2	21	7	4.09453835272848E-21	1	1	442	421	3	63	T
MN908947.3	4184	G	R	487	619	55.42%	2	2	21	21	5.924319155752174E-238	1	1	253	234	335	284	A
MN908947.3	4255	G	R	957	91	8.48%	2	2	16	6	2.5439824650302393E-27	1	1	477	480	84	7	A
MN908947.3	4321	C	Y	447	503	49.85%	2	2	21	22	2.8470372470826924E-192	1	1	234	213	285	218	T
MN908947.3	4656	G	R	674	48	6.62%	2	2	20	11	1.5837926929835825E-15	1	1	309	365	46	2	A
MN908947.3	5305	G	R	907	53	5.48%	2	2	22	8	5.3077285558559127E-17	1	1	379	528	51	2	A
MN908947.3	5386	T	W	604	65	6.46%	2	2	19	11	5.289519626753476E-21	1	1	297	307	64	1	A
MN908947.3	5386	T	K	604	326	32.41%	2	2	19	17	5.711089586602196E-114	1	1	297	307	124	202	G
MN908947.3	5736	C	Y	876	316	25.97%	2	2	21	13	4.434986482833427E-104	1	1	619	257	4	312	T
MN908947.3	6078	C	Y	613	136	17.97%	2	2	21	12	1.3457664255097905E-44	1	1	371	242	2	134	T
MN908947.3	6255	C	Y	1459	180	10.86%	2	2	21	9	3.4563681114823624E-55	1	1	887	572	6	174	T
MN908947.3	6266	G	R	1536	99	5.99%	2	2	19	11	1.7783880467261402E-29	1	1	776	760	98	1	A
MN908947.3	6306	G	R	1458	86	5.39%	2	2	18	8	1.7302877867303394E-25	1	1	734	724	85	1	A
MN908947.3	6385	C	Y	1535	128	7.62%	2	2	20	10	1.5629415806585042E-38	1	1	874	661	3	125	T
MN908947.3	6386	T	Y	1502	150	8.93%	2	2	20	10	1.6111767227503834E-45	1	1	877	625	1	149	C
MN908947.3	6387	G	R	1521	142	8.46%	2	2	20	11	5.808164657870315E-43	1	1	871	650	4	138	A
MN908947.3	6388	C	Y	1501	153	9.09%	2	2	20	12	1.78247304014784E-46	1	1	870	631	1	152	T
MN908947.3	6847	G	R	652	83	11.07%	2	2	18	11	8.886400415519899E-27	1	1	287	365	82	1	A
MN908947.3	6850	G	R	713	39	5.15%	2	2	19	6	1.0970156944333441E-12	1	1	356	357	34	5	A
MN908947.3	6884	G	R	657	68	9.05%	2	2	18	11	6.517358361131308E-22	1	1	323	334	67	1	A
MN908947.3	7381	A	R	2084	132	5.91%	2	2	26	23	5.901318606984352E-38	1	1	1026	1058	62	70	G
MN908947.3	7383	A	W	2058	127	5.79%	2	2	26	24	1.9808107880933044E-36	1	1	1008	1050	59	68	T
MN908947.3	7388	G	R	1938	127	5.8%	2	2	17	20	1.7750709724282252E-36	1	1	911	1027	54	73	A
MN908947.3	7392	C	Y	746	100	11.6%	2	2	17	10	3.517179843222271E-32	1	1	404	342	17	83	T
MN908947.3	7472	G	R	679	198	22.47%	2	1	19	12	8.702402360670879E-66	1	1	235	444	198	0	A
MN908947.3	7517	G	R	800	51	5.84%	2	1	21	7	2.051783827165808E-16	1	1	354	446	51	0	A
MN908947.3	7594	C	Y	570	79	9.23%	2	2	18	14	1.3202322143071112E-25	1	1	340	230	1	78	-T
MN908947.3	7600	C	Y	788	57	6.44%	2	1	18	9	2.6114468655308545E-18	1	1	419	369	0	57	T
MN908947.3	8393	G	R	662	446	40.07%	2	2	24	24	3.825131897252426E-157	1	1	333	329	230	216	A
MN908947.3	8889	G	R	919	115	10.88%	2	2	17	10	5.188289651410057E-35	1	1	318	601	113	2	A
MN908947.3	9246	C	Y	657	47	6.63%	2	2	20	13	3.211465494282947E-15	1	1	336	321	1	46	T
MN908947.3	9259	A	R	365	327	46.92%	2	2	24	35	2.0500855909709874E-121	1	1	173	192	156	171	G
MN908947.3	9344	C	Y	291	378	55.18%	2	2	22	23	1.2821281683743263E-147	1	1	144	147	172	206	T
MN908947.3	9424	A	R	322	377	53.4%	2	2	21	20	4.531386194826213E-145	1	1	157	165	176	201	G
MN908947.3	9534	C	Y	637	791	55.08%	2	2	21	22	1.671767795244871E-303	1	1	312	325	357	434	T
MN908947.3	9539	C	Y	1181	166	11.78%	2	2	18	9	4.233211260107171E-51	1	1	673	508	3	163	T
MN908947.3	9541	C	Y	1334	75	5.26%	2	1	20	9	3.804442361410731E-22	1	1	667	667	0	75	T
MN908947.3	9866	C	Y	368	470	54.97%	2	2	19	20	5.960512445441872E-183	1	1	207	161	248	222	T
MN908947.3	9951	C	Y	868	56	5.98%	2	2	20	10	5.876827240303536E-18	1	1	473	395	1	55	T
MN908947.3	9968	G	R	859	49	5.35%	2	2	19	10	9.131405699672453E-16	1	1	412	447	45	4	A
MN908947.3	10029	C	T	7	914	99.02%	2	2	12	25	0.0	1	1	3	4	477	437	T
MN908947.3	10139	G	R	1594	98	5.73%	2	2	20	11	3.822648497741434E-29	1	1	772	822	96	2	A
MN908947.3	10198	C	Y	374	400	51.28%	2	2	19	20	5.920381565929826E-152	1	1	178	196	220	180	T
MN908947.3	10261	G	R	696	49	6.47%	2	2	19	9	7.855224939336758E-16	1	1	328	368	46	3	A
MN908947.3	10447	G	R	301	497	61.51%	2	2	18	22	7.877789887991746E-201	1	1	152	149	237	260	A
MN908947.3	10449	C	A	5	802	98.77%	1	2	5	21	0.0	1	1	5	0	398	404	A
MN908947.3	10834	C	Y	858	85	8.93%	2	2	19	12	3.560418577639356E-27	1	1	449	409	2	83	T
MN908947.3	11288	T	K	3	2	16.67%	1	1	3	4	0.22222222222222132	1	1	0	3	0	2	-CTGGTTTTAAGC
MN908947.3	11291	G	R	14	9	37.5%	2	2	5	7	7.417426589292693E-4	1	1	2	12	4	5	A
MN908947.3	11537	A	R	750	541	41.52%	2	2	21	20	1.701393045471636E-192	1	1	381	369	295	246	G
MN908947.3	11669	C	Y	965	72	6.8%	2	2	16	10	2.262172981127237E-21	1	1	483	482	5	67	T
MN908947.3	12132	C	Y	591	37	5.39%	2	2	21	16	4.213815422173943E-12	1	1	306	285	1	36	-T
MN908947.3	12695	C	Y	666	42	5.85%	2	1	20	11	1.2152136573066665E-13	1	1	368	298	0	42	T
MN908947.3	12880	C	Y	307	448	58.41%	2	2	25	30	8.061796137428653E-178	1	1	146	161	214	234	T
MN908947.3	13009	C	Y	699	45	6.01%	2	2	21	10	1.4313621679459913E-14	1	1	349	350	5	40	T
MN908947.3	13195	T	Y	770	546	41.05%	2	2	24	25	6.988036669635362E-194	1	1	385	385	274	272	C
MN908947.3	13476	C	Y	947	174	14.67%	2	2	20	9	2.73022437326012E-54	1	1	634	313	1	173	T
MN908947.3	13489	G	R	1048	98	7.87%	2	1	14	9	1.8866970805692572E-29	1	1	412	636	98	0	A
MN908947.3	13492	C	Y	1126	115	9.06%	2	2	13	10	9.247975312280954E-35	1	1	602	524	3	112	T
MN908947.3	13998	G	R	1031	55	5.03%	2	2	21	8	4.021094197487633E-16	1	1	518	513	52	3	A
MN908947.3	14293	C	Y	1020	117	10.06%	2	2	19	18	1.6215041816819345E-35	1	1	510	510	34	83	T
MN908947.3	14408	C	T	27	1120	96.72%	2	2	4	22	0.0	1	1	5	22	553	567	T
MN908947.3	15102	T	Y	871	139	13.5%	2	2	16	9	6.602770060983579E-43	1	1	501	370	1	138	C
MN908947.3	15103	C	Y	939	54	5.25%	2	1	17	8	2.646962298457348E-17	1	1	497	442	0	54	T
MN908947.3	15145	A	R	951	99	9.36%	2	2	21	11	7.393862326519555E-30	1	1	399	552	98	1	G
MN908947.3	15146	G	R	962	94	8.87%	2	1	21	12	2.9040464575150524E-28	1	1	406	556	94	0	A
MN908947.3	15240	C	Y	494	344	40.81%	2	2	24	25	9.967896248157375E-124	1	1	240	254	160	184	T
MN908947.3	15574	G	R	723	42	5.39%	2	1	23	12	1.2749603430376946E-13	1	1	360	363	42	0	A
MN908947.3	15588	C	Y	716	51	6.51%	2	2	21	9	1.879931487922778E-16	1	1	406	310	2	49	T
MN908947.3	15714	C	Y	295	453	60.08%	2	2	20	22	3.779397895404679E-181	1	1	159	136	230	223	T
MN908947.3	16220	C	Y	1249	81	6.03%	2	2	17	9	5.036659760002132E-24	1	1	638	611	4	77	T
MN908947.3	16825	G	R	704	65	8.32%	2	2	18	10	6.603925477231055E-21	1	1	293	411	64	1	A
MN908947.3	16870	C	Y	674	81	9.72%	2	2	18	10	4.28261970497374E-26	1	1	336	338	5	76	T
MN908947.3	17197	G	R	897	71	7.26%	2	2	20	7	1.1174200775226964E-22	1	1	362	535	70	1	A
MN908947.3	17410	C	Y	716	962	56.59%	2	2	21	24	0.0	1	1	353	363	484	478	T
MN908947.3	17434	G	R	658	50	7.01%	2	2	19	9	3.6231929255159305E-16	1	1	312	346	45	5	A
MN908947.3	17567	G	R	690	52	7.01%	2	2	18	12	8.797251746542306E-17	1	1	317	373	50	2	A
MN908947.3	17704	A	R	1573	101	5.88%	2	2	18	10	4.419490735300606E-30	1	1	751	822	98	3	G
MN908947.3	17705	G	R	1571	100	5.9%	2	2	18	9	9.00349659447116E-30	1	1	757	814	90	10	A
MN908947.3	17708	C	Y	1564	137	7.97%	2	2	18	10	2.394056123891223E-41	1	1	834	730	24	113	T
MN908947.3	17822	C	Y	623	388	38.15%	2	2	22	22	2.77150572193721E-135	1	1	326	297	171	217	T
MN908947.3	17946	A	R	901	50	5.14%	2	2	19	8	4.584381716679553E-16	1	1	395	506	49	1	G
MN908947.3	17947	G	R	884	85	8.67%	2	1	18	9	3.76419412096784E-27	1	1	370	514	85	0	A
MN908947.3	18163	A	G	27	734	92.33%	2	2	10	17	0.0	1	1	26	1	307	427	G
MN908947.3	18266	G	R	690	47	6.27%	2	2	15	8	3.3316147196069852E-15	1	1	295	395	23	24	A
MN908947.3	18267	C	Y	659	44	5.81%	2	2	16	8	2.8385278037087615E-14	1	1	273	386	15	29	T
MN908947.3	18317	G	R	1159	142	10.72%	2	2	19	9	2.328805712490004E-43	1	1	357	802	141	1	A
MN908947.3	18733	G	R	753	71	8.59%	2	2	20	10	8.760082898690826E-23	1	1	362	391	70	1	A
MN908947.3	18883	G	R	798	47	5.54%	2	2	22	9	3.680426249909568E-15	1	1	392	406	44	3	A
MN908947.3	19132	G	R	808	60	6.79%	2	1	22	12	3.0170916613150994E-19	1	1	353	455	60	0	A
MN908947.3	19484	C	Y	629	73	10.25%	2	2	17	11	1.4696481153824157E-23	1	1	314	315	3	70	T
MN908947.3	19492	A	R	649	58	8.18%	2	2	21	10	1.0253694548892815E-18	1	1	258	391	54	4	G
MN908947.3	19493	G	R	649	59	8.29%	2	1	20	10	4.916700884400488E-19	1	1	255	394	59	0	A
MN908947.3	19955	C	Y	641	853	56.04%	2	2	21	23	0.0	1	1	318	323	430	423	T
MN908947.3	20032	C	Y	1413	80	5.25%	2	2	18	10	1.1739854757749673E-23	1	1	739	674	6	74	T
MN908947.3	20055	A	R	632	815	55.52%	2	2	21	20	1.7786103574E-314	1	1	314	318	396	419	G
MN908947.3	20091	C	Y	1376	100	6.56%	2	2	20	10	7.335946342374982E-30	1	1	708	668	26	74	T
MN908947.3	20133	C	Y	1353	78	5.17%	2	2	19	10	4.6237105335694214E-23	1	1	738	615	1	77	T
MN908947.3	20679	G	R	739	59	7.23%	2	2	17	8	5.699161475344492E-19	1	1	363	376	55	4	A
MN908947.3	20691	G	R	757	57	6.77%	2	2	19	8	2.5126384955273363E-18	1	1	333	424	55	2	A
MN908947.3	20791	G	R	744	67	8.1%	2	2	18	12	1.6349051981341113E-21	1	1	325	419	65	2	A
MN908947.3	20792	C	Y	734	62	7.42%	2	2	20	11	6.300948422529299E-20	1	1	332	402	56	6	T
MN908947.3	20931	G	R	660	61	8.38%	2	2	18	9	1.1526551426648978E-19	1	1	308	352	60	1	A
MN908947.3	21002	G	R	680	43	5.83%	2	2	20	8	5.97373731793594E-14	1	1	365	315	6	37	A
MN908947.3	21191	C	Y	944	66	6.46%	2	2	20	10	1.5877978817570414E-19	1	1	506	438	1	65	T
MN908947.3	21431	C	Y	851	56	6.09%	2	2	19	10	5.779966140344771E-18	1	1	475	376	6	50	T
MN908947.3	21595	C	Y	599	661	52.42%	2	2	21	23	3.952652719858903E-249	1	1	322	277	328	333	T
MN908947.3	21618	C	Y	668	574	45.59%	2	2	23	23	6.550555839539374E-209	1	1	330	338	304	270	T
MN908947.3	21762	C	Y	722	670	47.28%	2	2	22	11	1.327685349177344E-246	1	1	370	352	356	314	T
MN908947.3	21846	C	Y	726	711	49.24%	2	2	20	21	1.0553446088917542E-263	1	1	363	363	367	344	T
MN908947.3	21987	G	A	81	1021	86.02%	2	2	22	24	0.0	1	1	33	48	500	521	A
MN908947.3	22200	T	K	207	630	73.77%	2	2	18	18	1.1824139471281058E-278	1	1	87	120	341	289	G
MN908947.3	22578	G	A	13	1922	98.82%	2	2	6	25	0.0	1	1	9	4	960	962	A
MN908947.3	22599	G	R	1062	876	44.81%	2	2	25	25	5.809337E-318	1	1	514	548	430	446	A
MN908947.3	22661	G	R	669	53	7.31%	2	2	20	9	4.1231310652957E-17	1	1	286	383	50	3	A
MN908947.3	22673	T	Y	430	274	38.16%	2	2	21	22	1.1439651443149012E-97	1	1	217	213	125	149	C
MN908947.3	22674	C	T	17	680	96.45%	2	2	8	23	0.0	1	1	2	15	332	348	T
MN908947.3	22679	T	C	10	716	98.08%	2	2	6	20	0.0	1	1	4	6	338	378	C
MN908947.3	22686	C	T	14	678	97.41%	2	2	12	24	0.0	1	1	3	11	313	365	T
MN908947.3	22688	A	R	315	418	56.64%	2	2	24	20	1.1221926251907139E-163	1	1	144	171	207	211	G
MN908947.3	22775	G	R	305	418	57.42%	2	2	20	18	1.92478138124565E-164	1	1	132	173	216	202	A
MN908947.3	22785	G	R	667	37	5.13%	2	2	21	9	4.476844582384101E-12	1	1	298	369	35	2	A
MN908947.3	22786	A	M	327	383	53.34%	2	2	22	20	2.236063005000322E-147	1	1	146	181	186	197	C
MN908947.3	22813	G	T	9	723	98.37%	2	2	11	26	0.0	1	1	3	6	346	377	T
MN908947.3	22882	T	G	6	790	97.77%	2	2	12	20	0.0	1	1	3	3	396	394	G
MN908947.3	22898	G	R	447	340	42.82%	2	2	20	19	1.294424910231239E-123	1	1	209	238	181	159	A
MN908947.3	22992	G	A	16	795	97.67%	2	2	6	21	0.0	1	1	13	3	390	405	A
MN908947.3	22995	C	A	7	777	98.48%	2	2	7	22	0.0	1	1	5	2	385	392	A
MN908947.3	23013	A	C	9	802	97.33%	2	2	10	23	0.0	1	1	5	4	401	401	C
MN908947.3	23040	A	G	5	822	98.68%	2	2	9	22	0.0	1	1	2	3	416	406	G
MN908947.3	23048	G	R	514	302	36.83%	2	2	23	22	1.3286943723426156E-106	1	1	250	264	162	140	A
MN908947.3	23055	A	G	30	769	95.29%	2	2	7	18	0.0	1	1	17	13	395	374	G
MN908947.3	23063	A	T	5	787	98.99%	2	2	8	22	0.0	1	1	3	2	396	391	T
MN908947.3	23075	T	C	17	808	97.7%	2	2	6	23	0.0	1	1	12	5	395	413	C
MN908947.3	23202	C	M	502	361	41.49%	2	2	24	25	2.5965025978826623E-130	1	1	237	265	179	182	A
MN908947.3	23403	A	G	4	836	97.66%	2	2	15	20	0.0	1	1	2	2	422	414	G
MN908947.3	23506	C	Y	924	57	5.75%	2	1	21	10	3.002496881564481E-18	1	1	470	454	0	57	T
MN908947.3	23525	C	T	8	974	98.68%	2	2	8	24	0.0	1	1	3	5	464	510	T
MN908947.3	23561	G	R	788	149	15.36%	2	2	20	11	2.3331323262414376E-48	1	1	301	487	148	1	A
MN908947.3	23599	T	G	7	946	98.23%	2	2	7	22	0.0	1	1	4	3	441	505	G
MN908947.3	23604	C	A	11	957	98.46%	2	2	6	21	0.0	1	1	6	5	459	498	A
MN908947.3	23854	C	A	5	1309	99.09%	2	2	7	24	0.0	1	1	3	2	637	672	A
MN908947.3	23874	C	Y	1133	209	15.48%	2	1	19	11	2.1137251724175775E-65	1	1	661	472	0	209	T
MN908947.3	23948	G	T	2	1336	98.89%	1	2	6	30	0.0	1	1	0	2	646	690	T
MN908947.3	24056	G	R	1132	139	10.76%	2	2	21	9	1.9729779319245154E-42	1	1	446	686	135	4	A
MN908947.3	24057	G	R	1201	76	5.86%	2	2	19	7	1.6830821955832628E-22	1	1	518	683	73	3	A
MN908947.3	24096	C	Y	1229	81	6.09%	2	2	21	9	4.940257269021603E-24	1	1	636	593	3	78	T
MN908947.3	24130	C	M	1183	882	42.04%	2	2	21	22	1.23410572337E-313	1	1	590	593	427	455	A
MN908947.3	24199	G	R	680	72	9.44%	2	2	17	8	3.55311824588615E-23	1	1	327	353	69	3	A
MN908947.3	24240	C	Y	695	37	5.03%	2	2	20	8	4.56297461750874E-12	1	1	403	292	1	36	T
MN908947.3	24245	C	Y	668	42	5.73%	2	2	22	9	1.2174255113303872E-13	1	1	404	264	4	38	T
MN908947.3	24276	G	R	713	54	6.92%	2	1	20	10	2.1111295506503105E-17	1	1	326	387	54	0	A
MN908947.3	24277	G	R	624	61	7.88%	2	1	21	8	1.0716092110398825E-19	1	1	245	379	61	0	A
MN908947.3	24332	G	R	733	43	5.48%	2	2	22	11	6.249942270356837E-14	1	1	351	382	41	2	A
MN908947.3	24422	C	Y	1521	85	5.22%	2	2	21	10	3.68571081174785E-25	1	1	843	678	3	82	T
MN908947.3	24424	A	T	10	1561	97.08%	2	2	9	22	0.0	1	1	6	4	829	732	T
MN908947.3	24469	T	A	18	744	97.13%	2	2	7	21	0.0	1	1	10	8	366	378	A
MN908947.3	24503	C	Y	453	377	44.41%	2	2	22	24	1.490131138877494E-138	1	1	231	222	217	160	T
MN908947.3	25000	C	T	8	852	99.07%	2	2	6	25	0.0	1	1	2	6	429	423	T
MN908947.3	25325	A	W	1523	82	5.06%	2	2	24	23	3.0810196640023156E-24	1	1	765	758	44	38	T
MN908947.3	25416	C	Y	279	458	59.33%	2	2	24	24	5.871412758306025E-185	1	1	137	142	209	249	T
MN908947.3	25499	C	Y	771	52	6.21%	2	2	18	9	9.665279044313553E-17	1	1	403	368	3	49	T
MN908947.3	25584	C	T	20	785	97.15%	2	2	9	22	0.0	1	1	5	15	398	387	T
MN908947.3	25667	C	Y	521	443	45.3%	2	2	22	24	3.820679063366084E-163	1	1	245	276	211	232	T
MN908947.3	25770	G	R	921	55	5.54%	2	1	18	6	1.2688809619952134E-17	1	1	394	527	55	0	A
MN908947.3	25792	C	Y	984	55	5.21%	2	2	17	9	3.8965837481412805E-16	1	1	499	485	3	52	T
MN908947.3	25836	C	Y	958	66	6.36%	2	2	21	9	1.611891436844758E-19	1	1	510	448	1	65	T
MN908947.3	25840	C	Y	965	70	6.69%	2	2	20	10	9.426490111036207E-21	1	1	523	442	1	69	T
MN908947.3	26060	C	Y	523	541	50.37%	2	2	21	22	8.565001965613846E-202	1	1	240	283	283	258	T
MN908947.3	26270	C	T	14	1910	98.4%	2	2	8	18	0.0	1	1	11	3	927	983	T
MN908947.3	26350	G	R	798	50	5.83%	2	2	20	7	4.2202231034701975E-16	1	1	364	434	42	8	A
MN908947.3	26522	C	Y	799	65	7.47%	2	2	20	8	7.760378774234403E-21	1	1	424	375	6	59	T
MN908947.3	26530	A	R	452	395	46.09%	2	2	20	19	4.702653936918946E-146	1	1	234	218	172	223	G
MN908947.3	26538	G	R	808	60	6.86%	2	2	19	8	3.0170916613150994E-19	1	1	377	431	58	2	A
MN908947.3	26549	C	Y	1318	148	9.99%	2	2	19	9	4.4402135796402527E-45	1	1	759	559	3	145	T
MN908947.3	26551	T	Y	1390	99	6.61%	2	2	21	9	1.5273350958498945E-29	1	1	770	620	1	98	C
MN908947.3	26577	C	G	1	606	98.54%	1	2	9	24	0.0	1	1	0	1	329	277	G
MN908947.3	26709	G	A	23	579	95.7%	1	2	9	20	8.187E-320	1	1	23	0	297	282	A
MN908947.3	26753	C	Y	511	62	10.51%	2	2	21	10	3.7885398206513456E-20	1	1	310	201	3	59	T
MN908947.3	26858	C	Y	319	275	45.91%	2	2	26	25	1.0606950134988543E-101	1	1	171	148	145	130	T
MN908947.3	26861	T	Y	1363	727	34.13%	2	2	26	23	5.053198729385307E-248	1	1	734	629	318	409	C
MN908947.3	27084	G	R	1580	98	5.77%	2	2	21	9	3.7763380686589226E-29	1	1	728	852	94	4	A
MN908947.3	27103	C	Y	1507	172	10.06%	2	2	20	9	1.512377424176908E-52	1	1	859	648	1	171	T
MN908947.3	27259	A	C	3	694	97.34%	1	2	6	19	0.0	1	1	3	0	366	328	C
MN908947.3	27382	G	S	383	339	46.12%	2	2	24	20	1.1982473436398537E-125	1	1	188	195	168	171	C
MN908947.3	27383	A	W	386	340	46.2%	2	2	28	24	6.158726766449261E-126	1	1	190	196	168	172	T
MN908947.3	27384	T	Y	401	344	46.17%	2	2	27	24	5.636796941860073E-127	1	1	195	206	169	175	C
MN908947.3	27469	G	R	676	50	6.79%	2	2	19	7	3.707585576978043E-16	1	1	286	390	48	2	A
MN908947.3	27707	C	Y	900	58	5.97%	2	2	19	10	1.4253627877278697E-18	1	1	487	413	4	54	T
MN908947.3	27807	C	T	4	954	99.27%	2	2	12	26	0.0	1	1	1	3	476	478	T
MN908947.3	28122	G	R	1911	127	6.14%	2	2	21	10	1.7286262140673175E-36	1	1	846	1065	123	4	A
MN908947.3	28271	A	T	23	1676	97.78%	2	2	8	25	0.0	1	1	5	18	801	875	T
MN908947.3	28311	C	T	60	1546	95.91%	2	2	10	20	0.0	1	1	38	22	738	808	T
MN908947.3	28362	G	K	77	7	6.36%	2	1	11	5	0.006859677187733745	1	1	57	20	0	7	-A
MN908947.3	28363	A	W	26	64	66.67%	2	2	6	8	6.222187716291774E-28	1	1	15	11	50	14	T
MN908947.3	28367	C	Y	7	25	73.53%	2	2	4	9	8.392848624208075E-12	1	1	1	6	14	11	T
MN908947.3	28369	C	S	13	5	23.81%	2	2	4	6	0.02272727272727276	1	1	3	10	3	2	G
MN908947.3	28370	A	R	8	3	13.04%	2	2	4	4	0.10714285714285553	1	1	5	3	2	1	-GTG
MN908947.3	28370	A	W	8	2	8.7%	2	2	4	11	0.23684210526315766	1	1	5	3	1	1	-GTG
MN908947.3	28568	G	R	497	47	8.58%	2	2	20	11	2.515792886439792E-15	1	1	254	243	46	1	A
MN908947.3	28881	G	A	3	921	99.46%	2	2	8	23	0.0	1	1	2	1	453	468	A
MN908947.3	28882	G	A	11	911	97.23%	2	2	6	24	0.0	1	1	10	1	441	470	A
MN908947.3	28883	G	C	4	924	97.88%	2	2	7	22	0.0	1	1	1	3	451	473	C
MN908947.3	28916	G	R	839	94	9.98%	2	1	20	10	4.28261865145878E-30	1	1	362	477	94	0	A
MN908947.3	29022	C	Y	979	74	6.97%	2	1	20	6	5.5135937774510715E-22	1	1	542	437	0	74	T
MN908947.3	29029	T	Y	1030	72	6.42%	2	2	21	11	2.4402979648709986E-21	1	1	546	484	1	71	C
MN908947.3	29058	G	R	484	48	8.73%	2	1	16	8	1.1707185704821063E-15	1	1	178	306	48	0	A
MN908947.3	29145	T	Y	567	31	5.14%	2	2	23	11	3.1244943742192466E-10	1	1	287	280	1	30	C
MN908947.3	29199	C	Y	531	30	5.29%	2	2	17	8	6.253978831539044E-10	1	1	247	284	4	26	T
MN908947.3	29422	G	K	505	383	42.09%	2	2	21	21	4.088489458189462E-139	1	1	241	264	190	193	T
MN908947.3	29510	A	M	529	376	40.87%	2	2	22	19	1.652664624917657E-135	1	1	264	265	190	186	C
MN908947.3	29711	G	K	529	404	40.12%	2	2	20	21	7.82833369378971E-147	1	1	243	286	214	190	T
MN908947.3	29783	G	R	911	87	8.65%	2	1	18	5	9.104382011953899E-28	1	1	384	527	87	0	A
